,"('prior_s_i1', 0)","('prior_s_i0', 0)","('prior_l_g2', 0)","('prior_l_g1', 0)","('prior_l_g0', 0)","('prior_i', 0)","('i', 0)","('s', 0)","('prior_g_d1i1', 0)","('prior_g_d1i0', 0)","('prior_g_d0i1', 0)","('prior_g_d0i0', 0)","('prior_d', 0)","('d', 0)","('g', 0)","('l', 0)"
0,0.8148497667721775,0.08504495100860818,0.045520156432878066,0.611933175473785,0.8999616558286071,0.3150931360695356,0,1,[0.55446225 0.30770577 0.13783198],[0.06376966 0.24309724 0.6931331 ],[0.89255191 0.07259916 0.03484893],[0.24025615 0.43559581 0.32414804],0.3800055196769196,1,2,0
1,0.7117334820561049,0.08256592963177795,0.04738443370911424,0.640805402990334,0.904308934073154,0.289891673116089,0,1,[0.56684895 0.29212696 0.14102409],[0.05863351 0.29524109 0.6461254 ],[0.86709997 0.11463758 0.01826245],[0.29303652 0.34636314 0.36060034],0.3795031808882796,1,2,0
2,0.7411992455574092,0.07597842383659327,0.036527934253811026,0.613727113983343,0.8923603616579566,0.3541745519938707,0,1,[0.46381317 0.3365766  0.19961024],[0.03112568 0.27922077 0.68965355],[0.90779902 0.08502117 0.0071798 ],[0.19277295 0.49865266 0.30857439],0.37373125052932793,1,2,0
3,0.7485901120026751,0.05446396638111672,0.07728741846308791,0.5635720981332228,0.8956507598017699,0.2865169438087418,0,1,[0.44778086 0.36206064 0.1901585 ],[0.07827681 0.26720503 0.65451816],[0.8145232  0.14505939 0.04041741],[0.22665516 0.48262102 0.29072382],0.4415486344077964,1,2,0
4,0.7439341380895844,0.08424769349396476,0.027748048440184074,0.5689720502557153,0.8935026120611832,0.33879828619121094,0,1,[0.42326374 0.35522044 0.22151581],[0.05435245 0.33662228 0.60902527],[0.88406769 0.08901823 0.02691407],[0.26955079 0.46338393 0.26706528],0.39913280957242653,1,2,0
5,0.7261716557761144,0.07261967248964377,0.02638765832892718,0.6427330825217745,0.9210366843767696,0.32581232300029067,0,1,[0.54129622 0.21684682 0.24185696],[0.11037326 0.32300293 0.56662381],[0.85039142 0.13513604 0.01447254],[0.26204257 0.49205604 0.24590139],0.40641368374299297,1,2,0
6,0.755292643802406,0.06016454445026232,0.022898799703915722,0.6153337984968164,0.9146426156366954,0.3495765486945769,0,1,[0.57524643 0.32981778 0.09493579],[0.05071832 0.30531429 0.64396738],[0.86893884 0.09026438 0.04079679],[0.31708038 0.38838226 0.29453737],0.40961396526574806,1,2,0
7,0.7781918224811636,0.07139121125481675,0.04689705938198742,0.6757314406269891,0.8650183435313108,0.31426887462998704,0,1,[0.60696363 0.27699262 0.11604375],[0.05975518 0.30731065 0.63293417],[0.91215061 0.06330648 0.0245429 ],[0.25276533 0.40984124 0.33739343],0.4326582435568556,1,2,0
8,0.7743317743268427,0.07554172707636596,0.07429790769306732,0.6156195489024546,0.8909991629559331,0.3353718155891188,0,1,[0.42838757 0.38623859 0.18537384],[0.08073772 0.3590309  0.56023138],[0.82910309 0.13593246 0.03496446],[0.26172326 0.43931263 0.29896411],0.43695403650192827,1,2,0
9,0.758623347466618,0.053312026181089885,0.04500988912446029,0.5749195234794594,0.8981788072688199,0.3192148862965558,0,1,[0.5251602  0.27808203 0.19675778],[0.07112247 0.28114043 0.6477371 ],[0.89388428 0.07987302 0.0262427 ],[0.2370633  0.46243862 0.30049808],0.41267701919161415,1,2,0
10,0.7829131531460706,0.07118525915136965,0.049130233830201965,0.6570495029789374,0.9363626424210427,0.3278817501494659,0,1,[0.54716257 0.35660935 0.09622808],[0.03428733 0.30812675 0.65758592],[0.77808615 0.20210995 0.0198039 ],[0.25217652 0.4759859  0.27183758],0.4128844063707896,1,2,0
11,0.7816219143696561,0.07436791147788223,0.04350042964119948,0.5847110758958108,0.9045085691778171,0.3319670228708697,0,1,[0.50266898 0.29377429 0.20355672],[0.08249423 0.32534828 0.59215749],[0.83296249 0.15404665 0.01299086],[0.2565359  0.44153652 0.30192759],0.3880801310746816,1,2,0
12,0.7907774353329012,0.05471306127967305,0.04424522488842224,0.5869565798302345,0.9269226129858616,0.28734972055003594,0,1,[0.5817877  0.23429858 0.18391372],[0.0502441  0.31475412 0.63500179],[0.90519845 0.08236156 0.01243999],[0.24808817 0.38338741 0.36852442],0.4249537411028441,1,2,0
13,0.7319955881991619,0.06120635350587825,0.03918305741299947,0.675975617275102,0.8811807580828304,0.30436241026482336,0,1,[0.50859883 0.40361733 0.08778383],[0.08845914 0.30622887 0.60531199],[0.82573502 0.14678411 0.02748087],[0.22244103 0.45109607 0.32646289],0.37557583545406387,1,2,0
14,0.7715336126875516,0.06477894719080067,0.032678994793379615,0.5477400475658648,0.876328761542483,0.28808654898607605,0,1,[0.36664671 0.44062671 0.19272657],[0.06311633 0.37213223 0.56475143],[0.88752485 0.08888342 0.02359172],[0.2637395  0.46559425 0.27066625],0.42756885421749696,1,2,0
15,0.7474223688457919,0.07964597590193641,0.08041602729817503,0.5603674608757274,0.9018429877188,0.34045029854168013,0,1,[0.42039654 0.46678842 0.11281504],[0.03034662 0.38057614 0.58907724],[0.87586925 0.10560677 0.01852399],[0.23718214 0.4299964  0.33282146],0.43281815433341925,1,2,0
16,0.7556326953178367,0.06988195776682994,0.04314335848130247,0.5843037216313505,0.8859337826317492,0.34806744858030103,0,1,[0.62181081 0.22327842 0.15491077],[0.06651429 0.25799622 0.67548949],[0.85764407 0.11874134 0.02361459],[0.29708851 0.46580085 0.23711064],0.3671323761026195,1,2,0
17,0.758216728192285,0.06782488654109044,0.03199208627201118,0.6085225679358645,0.9080230918263514,0.35455015249348937,0,1,[0.54954666 0.32976403 0.12068931],[0.08310744 0.32576832 0.59112424],[0.82431791 0.14074331 0.03493878],[0.31778466 0.41791636 0.26429898],0.35604520415965973,1,2,0
18,0.7814252438449696,0.05585253104727755,0.03256370691658223,0.628461722456537,0.9078894019775589,0.31671702258633044,0,1,[0.54497488 0.32177239 0.13325274],[0.13806168 0.27007976 0.59185857],[0.86390413 0.1108665  0.02522937],[0.24954656 0.42593165 0.3245218 ],0.40028125933494535,1,2,0
19,0.7469187651137911,0.11660639794381765,0.06751462712025906,0.6344229172434723,0.9000173514781079,0.3332870887686581,0,1,[0.51281956 0.35312423 0.13405621],[0.05036724 0.33223351 0.61739924],[0.91510203 0.06263679 0.02226118],[0.26390621 0.47210957 0.26398423],0.4480502330652276,1,2,0
20,0.7786896353626079,0.049810727745427164,0.018469639426100224,0.6535179897995075,0.9012430939302031,0.2689755151238594,0,1,[0.54698048 0.30650381 0.14651571],[0.09161241 0.32732253 0.58106506],[0.81924166 0.15231959 0.02843874],[0.22108307 0.50472499 0.27419194],0.3878222949651831,1,2,0
21,0.7760773378848966,0.07364095261136093,0.01819180697108685,0.6046265682491175,0.8788174474418675,0.3169122678027271,0,1,[0.47468478 0.29058685 0.23472837],[0.06963475 0.32835929 0.60200597],[0.92096102 0.06475938 0.01427961],[0.314053   0.44256984 0.24337716],0.38240010114728396,1,2,0
22,0.805017531053328,0.06522329740433212,0.01802386367373513,0.5823851070005791,0.9044242599118982,0.34050189324218905,0,1,[0.49073298 0.26026641 0.24900061],[0.06455577 0.35052864 0.58491559],[0.90247569 0.07917019 0.01835412],[0.30285715 0.39253375 0.30460909],0.3904805207445418,1,2,0
23,0.7021014706278075,0.07301424961363033,0.014166925537970053,0.5535704977873284,0.9056940727482199,0.3213125099981384,0,1,[0.49371207 0.40075113 0.1055368 ],[0.0454408  0.34212956 0.61242964],[0.86093334 0.1214291  0.01763756],[0.2383322  0.45800511 0.30366269],0.37259685643250395,1,2,0
24,0.8200960930868745,0.0758457750548969,0.016924302798446554,0.6084339184651633,0.911474681292454,0.3377257382477376,0,1,[0.43492824 0.3773276  0.18774417],[0.09606118 0.30731016 0.59662866],[0.81627845 0.15566546 0.02805609],[0.24897061 0.48775437 0.26327502],0.4006004475006766,1,2,0
25,0.8068505755153541,0.03787118544012136,0.04684900532408136,0.5723695129399887,0.9000536542367849,0.3194733480513279,0,1,[0.56178227 0.23639694 0.20182079],[0.06422185 0.28928441 0.64649374],[0.86965874 0.10038161 0.02995964],[0.27901151 0.49946775 0.22152074],0.3954216058080605,1,2,0
26,0.7902661864511378,0.04778636601446625,0.06700922052001959,0.5543169705380304,0.9274653793639178,0.33854817440780194,0,1,[0.49253754 0.32350094 0.18396152],[0.06024342 0.30042324 0.63933334],[0.8413505  0.12124132 0.03740818],[0.25963484 0.43910376 0.3012614 ],0.3825964690227463,1,2,0
27,0.7571634301887437,0.06979250034147308,0.06623087410601532,0.5597198763880926,0.8905175682203834,0.3001539482126781,0,1,[0.52629935 0.31552466 0.158176  ],[0.08931248 0.32409949 0.58658803],[0.8298018  0.14130915 0.02888905],[0.22575545 0.45810592 0.31613862],0.413930727753854,1,2,0
28,0.7326911488583129,0.06649675300434162,0.04820819324078312,0.6553982879360393,0.9245655303286016,0.326450773164177,0,1,[0.49758515 0.21232077 0.29009407],[0.07366396 0.30022049 0.62611555],[0.80124802 0.15641186 0.04234012],[0.31766922 0.40679305 0.27553773],0.4130125163528172,1,2,0
29,0.752484564396017,0.05185433272329363,0.03245879382176394,0.6706121135615045,0.9212338549981407,0.3493011038152352,0,1,[0.55140888 0.35102074 0.09757038],[0.05735228 0.33824311 0.60440461],[0.87681878 0.09893913 0.02424209],[0.28486305 0.41354423 0.30159272],0.35346085797961374,1,2,0
30,0.7774592231550557,0.06186822192521331,0.032375117014284055,0.5787358563546277,0.9264631204142317,0.3190872491211942,0,1,[0.52063734 0.3016408  0.17772186],[0.08100416 0.32194235 0.59705349],[0.86264312 0.09029419 0.0470627 ],[0.24604166 0.448442   0.30551634],0.38994960056179123,1,2,0
31,0.799293012548958,0.05629623018396418,0.034039522216229565,0.5787184244058301,0.8802790680657341,0.31063303368764866,0,1,[0.4905448  0.33495944 0.17449576],[0.04801962 0.27223449 0.67974589],[0.89772775 0.07682896 0.02544329],[0.2827884  0.43070552 0.28650609],0.41028125162346185,1,2,0
32,0.815565548583493,0.04611323064739522,0.05840904853307107,0.6398414124067507,0.9350069852512736,0.3742520451721025,0,1,[0.59393938 0.2246576  0.18140301],[0.0605869  0.33689006 0.60252304],[0.88171606 0.08658907 0.03169487],[0.20980561 0.4841398  0.30605458],0.4583696743515829,1,2,0
33,0.750630088981694,0.05659523071801762,0.03527930066643477,0.6150336963545099,0.9174992981832532,0.3465393157678069,0,1,[0.39065881 0.32171761 0.28762358],[0.06044118 0.34504544 0.59451338],[0.89676874 0.0890789  0.01415237],[0.31622327 0.45280769 0.23096903],0.44355997961294874,1,2,0
34,0.7328629010069244,0.06497412761593561,0.020904148414111333,0.5714758979281205,0.9122843906039607,0.2637243547580901,0,1,[0.4702227  0.37096469 0.1588126 ],[0.087442   0.27278515 0.63977285],[0.90774313 0.08164661 0.01061025],[0.35135781 0.36875267 0.27988951],0.3972453854220761,1,2,0
35,0.6729762717007804,0.05670327786187371,0.0366693502312653,0.6211037163712657,0.9271051486509226,0.3338813896347949,0,1,[0.53324042 0.32153777 0.14522181],[0.03939301 0.26588446 0.69472253],[0.8179664  0.15178387 0.03024973],[0.20943174 0.54798072 0.24258754],0.40764008865950235,1,2,0
36,0.7805293016016296,0.06787747496143572,0.045767884892246674,0.5862846661010171,0.8897349437338142,0.3101344112701822,0,1,[0.63092062 0.24137045 0.12770893],[0.07672764 0.25609094 0.66718142],[0.84131049 0.11865075 0.04003875],[0.28312614 0.46662592 0.25024794],0.42696197013199955,1,2,0
37,0.739421612511586,0.059952362469352566,0.046570679472975385,0.6250419991953936,0.8604699029100872,0.3319247650088391,0,1,[0.42545956 0.35938387 0.21515657],[0.08056593 0.37285905 0.54657502],[0.89933489 0.05910214 0.04156297],[0.25680511 0.48757194 0.25562295],0.43238977386616134,1,2,0
38,0.7250664245474031,0.055734392449890376,0.051156598318526654,0.6446066106849965,0.9154127492262575,0.31725536310817215,0,1,[0.56564009 0.29298267 0.14137725],[0.06219985 0.31140896 0.62639119],[0.87369002 0.10404097 0.02226901],[0.25191426 0.40411095 0.34397479],0.354057476015377,1,2,0
39,0.7452357711457442,0.07277990874768082,0.02316199879693304,0.6147293730527117,0.8618100511773176,0.329467940812819,0,1,[0.49099693 0.3247236  0.18427946],[0.06917754 0.3475076  0.58331486],[0.84878086 0.0731401  0.07807904],[0.26173097 0.49875264 0.23951639],0.38960816592631625,1,2,0
40,0.8038516673892011,0.04690067617337492,0.03220116106501463,0.6179618773618045,0.9505713664484113,0.32755677507068115,0,1,[0.53431758 0.27981935 0.18586307],[0.04569961 0.34577017 0.60853022],[0.89584426 0.07715074 0.027005  ],[0.25184493 0.44796046 0.30019461],0.39527725986871626,1,2,0
41,0.7044446376350239,0.07963492808632947,0.05328017859975969,0.5820861621441672,0.9279922279788899,0.31482946062956746,0,1,[0.55838681 0.25857109 0.1830421 ],[0.06866727 0.32385614 0.60747659],[0.87143593 0.07506127 0.0535028 ],[0.29319773 0.45656511 0.25023717],0.3909611400718902,1,2,0
42,0.8191938509080362,0.07659425927589067,0.05688578840898153,0.586782222366847,0.9300872008907588,0.30940373079491584,0,1,[0.47762945 0.36608043 0.15629012],[0.06706621 0.32000188 0.61293191],[0.85891697 0.12226624 0.01881679],[0.2501863  0.45109784 0.29871586],0.38838651529810697,1,2,0
43,0.7674403435861539,0.06362203965925084,0.030096082269617654,0.6283822420847066,0.8647593596298115,0.3241765279703269,0,1,[0.58517972 0.219028   0.19579228],[0.07100488 0.24865528 0.68033985],[0.80022566 0.16928128 0.03049306],[0.23338557 0.46399058 0.30262385],0.41859650658032294,1,2,0
44,0.7996030016677073,0.06466340010238714,0.0193329680365921,0.5542692834684441,0.8966638948148159,0.31726934210601326,0,1,[0.58722384 0.2160903  0.19668586],[0.04129625 0.27782045 0.68088329],[0.86310006 0.12954583 0.00735411],[0.2761765  0.51310376 0.21071974],0.4054939808479609,1,2,0
45,0.7135165582062567,0.062347829789086026,0.039377940599638575,0.6321966585005858,0.8775457767789332,0.30121164204270695,0,1,[0.52232865 0.29113999 0.18653136],[0.07915194 0.2876255  0.63322257],[0.89350904 0.08472077 0.02177019],[0.26336135 0.48575241 0.25088624],0.42481722461963106,1,2,0
46,0.8309921699540549,0.06212190765606346,0.014328468592889254,0.6228345603794027,0.9124765421525095,0.2887749353434221,0,1,[0.59723044 0.28498832 0.11778124],[0.0546363  0.31110026 0.63426344],[0.86026243 0.10331619 0.03642137],[0.29197381 0.39115622 0.31686997],0.389796801110343,1,2,0
47,0.760722445758582,0.05898765141488857,0.03114303439399721,0.6466216502665162,0.9094121434348837,0.2818612727633288,0,1,[0.4433771 0.3716921 0.1849308],[0.09569599 0.23457253 0.66973148],[0.82273514 0.13058534 0.04667952],[0.25537236 0.46085975 0.2837679 ],0.3803865114691152,1,2,0
48,0.7334728824323792,0.09969645791433542,0.03537177758561984,0.5911263158138788,0.8758802715674028,0.3038804451715267,0,1,[0.60269842 0.28659084 0.11071073],[0.04273096 0.28232558 0.67494346],[0.89998196 0.07123859 0.02877945],[0.24695174 0.4908725  0.26217576],0.4056396787841937,1,2,0
49,0.7163945682241,0.049629078472366035,0.04800354346750931,0.6003871254762179,0.8985381501577758,0.33805597825445,0,1,[0.5265594  0.26694404 0.20649655],[0.11041385 0.27818345 0.6114027 ],[0.88335239 0.08396366 0.03268396],[0.24424493 0.43354034 0.32221473],0.4322128014460249,1,2,0
50,0.8500388375014902,0.0801109883365233,0.017941092620859782,0.5458374766764513,0.9165280444640466,0.33934731489619,0,1,[0.55732174 0.2838474  0.15883086],[0.05732143 0.29982236 0.6428562 ],[0.88845525 0.09532202 0.01622273],[0.27535443 0.50549644 0.21914913],0.42025929656238614,1,2,0
51,0.7947580295053058,0.08333564299051735,0.04781310969503521,0.5930198663537063,0.9244549537639287,0.2962653699101965,0,1,[0.50352963 0.31294403 0.18352635],[0.05532971 0.27195759 0.6727127 ],[0.82353626 0.13619182 0.04027192],[0.2679153  0.45539084 0.27669386],0.40291666450725183,1,2,0
52,0.8047464877552687,0.08158289095076389,0.022625637922549718,0.6164522212184937,0.9048247328297738,0.3284749384381806,0,1,[0.59399251 0.28101598 0.12499151],[0.06012512 0.36591398 0.57396089],[0.82578107 0.12579167 0.04842726],[0.2935118  0.41765202 0.28883618],0.43094721166678307,1,2,0
53,0.7544230322593375,0.05724447264138317,0.055578989040874646,0.6508246417233424,0.8849129798974903,0.33532687631709246,0,1,[0.48145539 0.36027812 0.15826649],[0.03172641 0.25619796 0.71207563],[0.82329339 0.16009641 0.0166102 ],[0.31669549 0.46372295 0.21958156],0.43457057978979674,1,2,0
54,0.7517774977450021,0.05735854058060982,0.0351110443753389,0.6786672548135072,0.9096191280913852,0.33938982803225975,0,1,[0.51193349 0.34656874 0.14149776],[0.09788938 0.30461024 0.59750038],[0.73524748 0.19290227 0.07185025],[0.29645797 0.44083132 0.2627107 ],0.41428368455018255,1,2,0
55,0.7766228462908698,0.04996627047758111,0.04515102014713891,0.7212999897806348,0.8993572036401097,0.33296730160614707,0,1,[0.57655584 0.25472932 0.16871485],[0.09515071 0.26855452 0.63629476],[0.88992966 0.07798636 0.03208397],[0.26675599 0.47928318 0.25396083],0.43950177314233874,1,2,0
56,0.816407761389933,0.07996716991529938,0.059382017880705164,0.5416370427448999,0.9194474165991436,0.32275139854924434,0,1,[0.57345773 0.27051782 0.15602446],[0.07077093 0.32926531 0.59996375],[0.87288966 0.0650631  0.06204725],[0.24342488 0.42583765 0.33073747],0.4192628977463397,1,2,0
57,0.7975321174960623,0.09370606245632161,0.03005237842470166,0.5724739666290228,0.8816228716537222,0.33462810592344777,0,1,[0.41093835 0.30147597 0.28758568],[0.07708171 0.27831244 0.64460585],[0.86720198 0.10522771 0.02757031],[0.28165458 0.48419903 0.23414639],0.3896093557378758,1,2,0
58,0.7257098150316923,0.09025504882275984,0.025257765930748924,0.6270698381273917,0.9018501425079737,0.32604938830695257,0,1,[0.44860809 0.31724092 0.234151  ],[0.09937664 0.29834448 0.60227887],[0.84823598 0.09311836 0.05864566],[0.28726957 0.49154306 0.22118737],0.39728072728984537,1,2,0
59,0.7304171747447263,0.05763604402714778,0.0356959211450054,0.6251429420035163,0.8851856770499611,0.30119543459881476,0,1,[0.48450343 0.34583344 0.16966313],[0.03373839 0.3584543  0.60780731],[0.86145284 0.11157145 0.02697571],[0.23131834 0.47627478 0.29240689],0.3889223770227177,1,2,0
60,0.7735177458687544,0.0748994047273937,0.03508316557024721,0.6425320949721798,0.9223851306551946,0.28289104970360834,0,1,[0.42571742 0.32221603 0.25206656],[0.06992046 0.24223328 0.68784626],[0.86182767 0.10822613 0.0299462 ],[0.26708006 0.49808588 0.23483407],0.43778529523204934,1,2,0
61,0.7578825451017465,0.053467337322143246,0.04129701500019292,0.6184975521937945,0.8835781848205349,0.3263261913622834,0,1,[0.57722654 0.24467567 0.17809779],[0.0547839  0.26312186 0.68209424],[0.82879229 0.1177806  0.05342711],[0.3235073 0.4531962 0.2232965],0.41841815460945775,1,2,0
62,0.7837725731589894,0.07418673920311995,0.021482981975371646,0.5557502333075863,0.8956493669628902,0.3184372781095714,0,1,[0.43980363 0.43246479 0.12773158],[0.07568755 0.24073981 0.68357264],[0.86911006 0.10218795 0.02870199],[0.21016378 0.46103958 0.32879664],0.4178339457820251,1,2,0
63,0.7864442268403776,0.0669437365578011,0.023232395545983726,0.6090008882880479,0.8841276150359204,0.3204212950635192,0,1,[0.36104922 0.40324862 0.23570215],[0.04723558 0.29076152 0.66200289],[0.8553291  0.11096973 0.03370117],[0.2758633  0.44565829 0.27847841],0.3974580638255193,1,2,0
64,0.814099375741331,0.06311330800719239,0.05400830042654653,0.5929648671015486,0.8965452176918071,0.35621863275260823,0,1,[0.45151346 0.3231242  0.22536234],[0.05839052 0.25803569 0.68357379],[0.83701088 0.12256262 0.0404265 ],[0.24636006 0.46005177 0.29358817],0.39825169325914356,1,2,0
65,0.716762343533751,0.06108862551350196,0.05301305630805512,0.5977816150077939,0.9216193051873742,0.3350593356344456,0,1,[0.43134254 0.41792355 0.15073391],[0.08577268 0.30257217 0.61165515],[0.9150069  0.06520214 0.01979096],[0.30098523 0.42849155 0.27052322],0.3627539345673632,1,2,0
66,0.7939605837174892,0.05503748270941928,0.03943782996844899,0.646134777049137,0.9449571303964444,0.3197398506459681,0,1,[0.48070702 0.36816424 0.15112874],[0.08029185 0.33985495 0.57985321],[0.82547858 0.11978967 0.05473175],[0.29311362 0.4479938  0.25889258],0.4045958145243584,1,2,0
67,0.7628769824228884,0.058574557929603976,0.02198881716938996,0.6159712747032562,0.9139275397099816,0.33946410442458586,0,1,[0.57198976 0.27640489 0.15160535],[0.07880494 0.28308321 0.63811185],[0.86395717 0.12649475 0.00954808],[0.25208361 0.4950724  0.25284399],0.4242084314746523,1,2,0
68,0.8232578581221877,0.09282443758703637,0.04046865093603603,0.6083789521119718,0.9450383785548596,0.3466541992629127,0,1,[0.48562064 0.32171642 0.19266294],[0.08478507 0.30343034 0.61178459],[0.84075624 0.10346148 0.05578228],[0.27524101 0.43601717 0.28874183],0.46405980390751894,1,2,0
69,0.8187210557413211,0.051021826154709175,0.024963097255907573,0.6246331123557123,0.8676969078838599,0.3304228976296664,0,1,[0.44676685 0.32730528 0.22592787],[0.05367056 0.2820059  0.66432354],[0.89674369 0.09054739 0.01270892],[0.28879042 0.40341388 0.30779569],0.41212802884830513,1,2,0
70,0.7633910498026906,0.06159753060066994,0.04277240113441838,0.624753109771733,0.9194527313653077,0.3066945637348902,0,1,[0.45568124 0.35249291 0.19182586],[0.08997309 0.2995114  0.61051551],[0.8785831 0.1097733 0.0116436],[0.24823862 0.48119965 0.27056173],0.41343415652857995,1,2,0
71,0.7822881625558834,0.09787165959729989,0.03359436298995102,0.6207726659679884,0.9242671501188607,0.2821331684511459,0,1,[0.5882581  0.24925319 0.16248871],[0.0912765  0.24790788 0.66081563],[0.83400097 0.13365624 0.03234279],[0.22814374 0.40190696 0.3699493 ],0.3846738827521989,1,2,0
72,0.7814834786244929,0.08305646434696556,0.05203689280707599,0.5644127308934106,0.896528309932502,0.3011900680061028,0,1,[0.45901524 0.34572499 0.19525977],[0.04844375 0.31817513 0.63338112],[0.85615638 0.10544494 0.03839869],[0.26729031 0.44328789 0.2894218 ],0.40838119106077564,1,2,0
73,0.7815106463548492,0.08223416352076857,0.02381683811355333,0.5977641016178039,0.8967691868815838,0.2882776181743676,0,1,[0.53032399 0.31682748 0.15284853],[0.10397146 0.37182589 0.52420265],[0.81633539 0.15836812 0.02529649],[0.23521864 0.45877637 0.30600499],0.3828050988336346,1,2,0
74,0.7556612696718212,0.04680840560960213,0.030985265728961802,0.6424078310208828,0.9316776551390874,0.3201905121679216,0,1,[0.45321653 0.36910291 0.17768056],[0.08034654 0.35239717 0.56725629],[0.84006332 0.13925585 0.02068083],[0.27046994 0.47552267 0.25400738],0.4225996989220786,1,2,0
75,0.8016779452055934,0.060889626585355135,0.06412394818728283,0.5547545023466912,0.908867707672939,0.30575678547209373,0,1,[0.45985879 0.34239344 0.19774777],[0.07693051 0.30032338 0.62274611],[0.85606486 0.12309688 0.02083827],[0.26258548 0.45320761 0.2842069 ],0.42305109347987774,1,2,0
76,0.7453238842364608,0.0636792547417539,0.02681724652503109,0.6421790986453099,0.8991173117755005,0.3127374465295259,0,1,[0.50126165 0.37155305 0.12718531],[0.10290238 0.38234787 0.51474974],[0.82436099 0.12159063 0.05404838],[0.31089567 0.41410264 0.27500168],0.4286030349965285,1,2,0
77,0.8102440419939239,0.11257901446952655,0.0700789015278734,0.5813651835235664,0.9025318234883025,0.35183439392273286,0,1,[0.54933061 0.34726195 0.10340744],[0.06032806 0.27121074 0.6684612 ],[0.86189787 0.11412235 0.02397978],[0.25337175 0.45333664 0.29329161],0.3811153259775109,1,2,0
78,0.787185893284866,0.060080568085372085,0.05077744814782803,0.6494002745729842,0.9105871097744399,0.2939714293138484,0,1,[0.42469944 0.35019302 0.22510754],[0.12326816 0.29308846 0.58364338],[0.868651   0.07209769 0.05925131],[0.29900125 0.3849943  0.31600444],0.3943753157957712,1,2,0
79,0.7780740490350289,0.05795069623421125,0.05961875468967967,0.532145653306886,0.9221039393355419,0.3375792665077899,0,1,[0.55049122 0.30896795 0.14054083],[0.0553608  0.31455772 0.63008148],[0.77181733 0.19588692 0.03229574],[0.2702916  0.47123888 0.25846952],0.38353896440358115,1,2,0
80,0.7542774358819788,0.06364227173090725,0.05065243806169721,0.6018772009640413,0.9311846021677501,0.31141257654324656,0,1,[0.50653792 0.30005343 0.19340865],[0.09159443 0.25149649 0.65690908],[0.8483741  0.10449812 0.04712778],[0.29901775 0.38239741 0.31858484],0.43212540599416593,1,2,0
81,0.7529091637730895,0.06494243337356422,0.015259042157760111,0.6596881271766906,0.8948659397131136,0.32045331152808393,0,1,[0.56313041 0.36447153 0.07239805],[0.07412164 0.24782254 0.67805582],[0.89453409 0.09228811 0.0131778 ],[0.31760458 0.38999756 0.29239786],0.4313029740128412,1,2,0
82,0.7554607158119881,0.11575682600522516,0.057365719462382364,0.5916752185137982,0.8933466972206362,0.3147758265100488,0,1,[0.54908748 0.27961352 0.171299  ],[0.08950784 0.28941047 0.62108169],[0.81731226 0.16903314 0.0136546 ],[0.243054   0.44766009 0.30928592],0.38998104886046087,1,2,0
83,0.7252064091312123,0.07017218606030405,0.04768432996561365,0.5551455810425543,0.8890474576814362,0.32627692938825226,0,1,[0.4245388  0.31621663 0.25924457],[0.08326379 0.32325255 0.59348367],[0.84954194 0.11303952 0.03741854],[0.2924929  0.45443995 0.25306715],0.39544759706005306,1,2,0
84,0.7914203912388689,0.062327548094353404,0.040409005720395255,0.6542832383995117,0.8983512219782275,0.3164077543111347,0,1,[0.455163   0.38133119 0.16350581],[0.05024931 0.31304854 0.63670215],[0.83954214 0.12054131 0.03991655],[0.34876181 0.43929069 0.2119475 ],0.41593694341464643,1,2,0
85,0.7820026011036759,0.09808911265663428,0.054253830197721536,0.5913433011242168,0.9277140600223833,0.3384141118807683,0,1,[0.41168873 0.40271368 0.18559759],[0.02496178 0.34348143 0.63155679],[0.79972237 0.15595235 0.04432528],[0.22471243 0.50382006 0.27146751],0.42761778945860973,1,2,0
86,0.7407414419225445,0.0630577266167013,0.05361384903256602,0.534724904470881,0.9375561037093031,0.2999621447960965,0,1,[0.44657427 0.25728309 0.29614263],[0.08896655 0.31672911 0.59430434],[0.87057729 0.10474416 0.02467855],[0.2222339  0.47451762 0.30324848],0.4269468007053976,1,2,0
87,0.7858133138877822,0.06944583420164903,0.011554743162225782,0.6004170158453562,0.9029840257262794,0.3258426710172455,0,1,[0.55249458 0.30892611 0.13857931],[0.08884616 0.33533467 0.57581917],[0.86491167 0.10836404 0.02672429],[0.2503929  0.46348463 0.28612248],0.4141518863481589,1,2,0
88,0.7767993249549157,0.07960905301350273,0.029948873148919912,0.6466185387315445,0.9185324311518948,0.34025657892257843,0,1,[0.52962338 0.33020559 0.14017103],[0.05763481 0.26809769 0.6742675 ],[0.8882367 0.1049227 0.0068406],[0.24441012 0.44913553 0.30645435],0.4149823418260972,1,2,0
89,0.7509241555127668,0.05900379975504227,0.03303911824481086,0.5689738437921065,0.8926932912530654,0.3073731553479601,0,1,[0.55029275 0.28737726 0.16232999],[0.0454958  0.29783645 0.65666775],[0.83784757 0.08453254 0.0776199 ],[0.2918194  0.40169551 0.30648509],0.3752988859706126,1,2,0
90,0.7237371262487828,0.08841071183757533,0.07018803939937805,0.5772819161345931,0.9241134339474232,0.32312854264936774,0,1,[0.47903107 0.24575626 0.27521267],[0.04856623 0.34958271 0.60185106],[0.87124085 0.12115497 0.00760418],[0.27411425 0.40115802 0.32472773],0.4182189055637479,1,2,0
91,0.7920170759616841,0.06955905845617745,0.028314778322486894,0.5807209207215804,0.8714872956590441,0.34571506780241895,0,1,[0.60513646 0.29568438 0.09917916],[0.03513108 0.29749944 0.66736948],[0.81835209 0.13731586 0.04433205],[0.28679105 0.45092713 0.26228182],0.4066362219134928,1,2,0
92,0.7445021293723311,0.05377030059431204,0.020751651988615595,0.6022037133976935,0.8683818444434055,0.3145626625776055,0,1,[0.42579377 0.34861418 0.22559206],[0.04427696 0.29571015 0.66001289],[0.87022132 0.10289382 0.02688487],[0.34511099 0.37694102 0.27794799],0.38097137190749775,1,2,0
93,0.7693229237034034,0.066355526753708,0.03489884916418905,0.5892990766883924,0.9317485156334492,0.33649648364149076,0,1,[0.49999024 0.34093404 0.15907572],[0.04194915 0.27988202 0.67816883],[0.75941792 0.16051038 0.08007171],[0.23548347 0.48488354 0.27963299],0.36532176801750493,1,2,0
94,0.7255887788302116,0.0622628424869713,0.029603813693720664,0.6211934654354787,0.9151881222971493,0.32062633766335025,0,1,[0.43792944 0.30775418 0.25431638],[0.08302181 0.35977728 0.55720091],[0.7845411  0.14213335 0.07332555],[0.22586547 0.51961767 0.25451686],0.41898501103785724,1,2,0
95,0.8128533057197661,0.0851607764275162,0.047347412980100645,0.653693370596419,0.9039589529662608,0.29701293472346396,0,1,[0.45250289 0.32303751 0.2244596 ],[0.08093204 0.32376394 0.59530402],[0.85371624 0.10110547 0.04517829],[0.22227112 0.46067192 0.31705697],0.3782117396008419,1,2,0
96,0.7814095113768273,0.06152618435100828,0.038988073416527845,0.5997857991511371,0.903828476388398,0.31628622869095463,0,1,[0.52881267 0.34199694 0.1291904 ],[0.07845893 0.30997623 0.61156484],[0.87802871 0.10204228 0.01992901],[0.28262289 0.41253741 0.3048397 ],0.39670324606348684,1,2,0
97,0.8087272204178507,0.06328439544192671,0.022226612745985506,0.6403164924673292,0.8991438372501672,0.317293166150353,0,1,[0.49672608 0.25608356 0.24719036],[0.05379847 0.27489189 0.67130965],[0.82302786 0.1403527  0.03661944],[0.24696453 0.47601727 0.2770182 ],0.3823518076725255,1,2,0
98,0.8018920842678441,0.0756107068361312,0.02537880631575579,0.5678149990466963,0.9072935430810684,0.3021654579324168,0,1,[0.44186486 0.33404947 0.22408567],[0.11972737 0.24054074 0.63973189],[0.85507542 0.13202556 0.01289902],[0.27850248 0.45354276 0.26795475],0.37260269614137626,1,2,0
99,0.8056362449624414,0.046550713828284865,0.030927004640887452,0.5977514825625063,0.8953411344383103,0.30094118043480256,0,1,[0.48879722 0.32338718 0.1878156 ],[0.11192865 0.27469484 0.61337651],[0.74615862 0.19699752 0.05684386],[0.26742807 0.46373059 0.26884135],0.40226743659995745,1,2,0
100,0.7470674060449098,0.07456235965620135,0.06691153318137263,0.5751011116652696,0.9176873029249878,0.33654566779386,0,1,[0.47385824 0.29842722 0.22771453],[0.06911592 0.33676465 0.59411944],[0.77941907 0.1631787  0.05740223],[0.25867318 0.41988445 0.32144237],0.42028392843994855,1,2,0
101,0.7853519165306935,0.06513607755948507,0.03442094282018914,0.6014822355314966,0.934761320406185,0.3288561555873369,0,1,[0.55471585 0.25396168 0.19132247],[0.0978719  0.29102229 0.61110581],[0.89837371 0.07391831 0.02770798],[0.29163198 0.45666116 0.25170685],0.4285832620787024,1,2,0
102,0.7428437693085291,0.06531707928152182,0.027573744792679086,0.6648790615661868,0.9070275477692429,0.33640545782589815,0,1,[0.51646738 0.26080376 0.22272885],[0.06094347 0.32218196 0.61687457],[0.89732912 0.07317615 0.02949473],[0.21984247 0.48266328 0.29749426],0.3992016965008979,1,2,0
103,0.7647632009581928,0.056125974960127,0.04016785612250115,0.5813947014422859,0.9106204012667264,0.3291982870678192,0,1,[0.47700832 0.34207471 0.18091697],[0.04445864 0.30278764 0.65275372],[0.86194127 0.1025322  0.03552654],[0.27615817 0.41395915 0.30988268],0.37503362659470646,1,2,0
104,0.7018045987438777,0.06388080520560782,0.05297976451935493,0.5758479540808448,0.9060002872579427,0.3262757985848253,0,1,[0.54655079 0.34060075 0.11284845],[0.06080296 0.30814113 0.63105591],[0.86441588 0.08700974 0.04857438],[0.25678496 0.43636248 0.30685256],0.4382061800651031,1,2,0
105,0.7069552275414732,0.051675407954267824,0.020819004503830684,0.6061978461466893,0.8875274169660176,0.3083315301412942,0,1,[0.61638179 0.22618409 0.15743412],[0.08066972 0.27679355 0.64253673],[0.84356717 0.11072174 0.04571109],[0.32430809 0.41162411 0.2640678 ],0.3674966825618651,1,2,0
106,0.7126869311263011,0.07396320033631591,0.045354794783162906,0.630645702318706,0.9195970377798197,0.34141014179485535,0,1,[0.62289754 0.25882798 0.11827447],[0.05434596 0.26124871 0.68440533],[0.89097098 0.07874569 0.03028333],[0.31706864 0.43469539 0.24823597],0.3847411047977697,1,2,0
107,0.78880739339943,0.07272991375811053,0.047328521207570515,0.6144151404775919,0.9331100918787714,0.3065406774509285,0,1,[0.56534207 0.28433028 0.15032765],[0.07484441 0.38105648 0.54409911],[0.89739652 0.05942916 0.04317432],[0.25992396 0.48308666 0.25698938],0.3958647831242551,1,2,0
108,0.7690478941793454,0.083171475807973,0.04807303614667633,0.6290243271958734,0.9419366423299478,0.2964197451353772,0,1,[0.49393219 0.32195923 0.18410858],[0.08582431 0.27594459 0.6382311 ],[0.83180502 0.12485312 0.04334186],[0.26148085 0.47360758 0.26491157],0.4031420762358003,1,2,0
109,0.7949095692520152,0.06205716365499013,0.024056387747884992,0.6399305053103652,0.8894501570270108,0.31156641237261845,0,1,[0.47642069 0.37211069 0.15146863],[0.05955417 0.33480786 0.60563798],[0.8339162  0.12843613 0.03764767],[0.30163613 0.39583354 0.30253033],0.41969458622657346,1,2,0
110,0.816280783983885,0.04625092927998985,0.018261703688134918,0.5956977343305172,0.9004854004273729,0.3133330416616081,0,1,[0.48184457 0.37043629 0.14771914],[0.07673841 0.28410081 0.63916078],[0.88655036 0.10013753 0.0133121 ],[0.24177342 0.52695081 0.23127577],0.3801474395392782,1,2,0
111,0.7295654181597084,0.08355835277859319,0.02802167796272353,0.603337790070161,0.921816949782232,0.3194710699752062,0,1,[0.54242927 0.31640218 0.14116855],[0.07473533 0.27642366 0.64884101],[0.8022619  0.17554788 0.02219023],[0.30918412 0.44480257 0.24601331],0.3899140501571641,1,2,0
112,0.7021927739319597,0.08364494899896209,0.029770535251309183,0.673669810278704,0.9153000929030871,0.2773295088634018,0,1,[0.58832751 0.27812279 0.1335497 ],[0.0634088  0.33973244 0.59685876],[0.89891675 0.09059307 0.01049018],[0.2597549  0.44303287 0.29721223],0.4557631606906942,1,2,0
113,0.6996353253604484,0.07479355284174971,0.06943474361399164,0.61691291548034,0.9468908428631768,0.3500013284520187,0,1,[0.52168724 0.257831   0.22048177],[0.07108855 0.29948264 0.62942881],[0.87634322 0.11343144 0.01022534],[0.25832765 0.48386254 0.25780982],0.4010278366457764,1,2,0
114,0.7526169823861573,0.08381014413531733,0.038202391953634465,0.618790310717877,0.9118502789660773,0.3222756564475196,0,1,[0.47520461 0.32735135 0.19744404],[0.06585511 0.28055227 0.65359262],[0.84494013 0.08005581 0.07500406],[0.24609829 0.44735597 0.30654574],0.3774011972234136,1,2,0
115,0.7742159903153885,0.051542088892269626,0.058363156781138605,0.6260435854013654,0.9411343116519864,0.3239588531293051,0,1,[0.43210393 0.38770752 0.18018855],[0.10794164 0.30429972 0.58775865],[0.8728414  0.10350908 0.02364952],[0.26413584 0.44639234 0.28947182],0.40567322748863194,1,2,0
116,0.7587803713303778,0.06647616925396146,0.02722811763150875,0.596652876130134,0.929497993905277,0.291367825886362,0,1,[0.4465034  0.36385961 0.18963699],[0.10128811 0.24390031 0.65481158],[0.86553115 0.0986405  0.03582835],[0.28011064 0.46105537 0.25883399],0.4209629475911868,1,2,0
117,0.8355904365924948,0.05001466203913324,0.04088618221233959,0.5940002719333761,0.9027099846838834,0.3221156902659758,0,1,[0.51554171 0.26696292 0.21749537],[0.06333453 0.3731386  0.56352686],[0.86866914 0.10548561 0.02584525],[0.17154045 0.52414641 0.30431314],0.4170907782213933,1,2,0
118,0.77993636376574,0.07283838953495712,0.042198427026810266,0.5737858037167276,0.9113984403686223,0.34889585134908674,0,1,[0.42560327 0.26025801 0.31413872],[0.06800834 0.25943156 0.67256011],[0.86430927 0.12013881 0.01555192],[0.29852756 0.43431686 0.26715558],0.3934839739780372,1,2,0
119,0.7426539289062825,0.05977558656496495,0.02650051237238751,0.6376588789627945,0.8778546907253372,0.3278498755388789,0,1,[0.42421812 0.45247736 0.12330452],[0.0460141  0.31810758 0.63587832],[0.86247743 0.11001333 0.02750924],[0.32897034 0.44444834 0.22658132],0.3881234717135212,1,2,0
120,0.8091501721767798,0.04586510480438826,0.06893686405995202,0.6489602305694553,0.896432964464025,0.3201594300157555,0,1,[0.46226232 0.31214199 0.2255957 ],[0.07434073 0.22558516 0.70007411],[0.90323371 0.08444126 0.01232504],[0.30864093 0.39643613 0.29492294],0.36662731622581973,1,2,0
121,0.7920405497149787,0.08222912196621544,0.035249533506805084,0.5252810463420053,0.9169687449131992,0.28258287140195193,0,1,[0.63605763 0.2414764  0.12246597],[0.05104598 0.31920861 0.62974541],[0.86727432 0.10846108 0.0242646 ],[0.26400068 0.4522417  0.28375762],0.3805915720341309,1,2,0
122,0.8180408143413339,0.06621425748037793,0.034948208005901274,0.6014138200484734,0.9108064176045702,0.3112039881634625,0,1,[0.5718585 0.3180552 0.1100863],[0.10522426 0.32799265 0.5667831 ],[0.88002005 0.10398733 0.01599263],[0.23138997 0.47090091 0.29770912],0.3904184261248671,1,2,0
123,0.8002128983373097,0.054503990821670505,0.07490294079266875,0.5940235159994935,0.8852961395640527,0.2797496356518856,0,1,[0.55089339 0.31649439 0.13261222],[0.08683424 0.30477174 0.60839402],[0.82259231 0.15738268 0.02002501],[0.28943812 0.47783695 0.23272493],0.4287261742646554,1,2,0
124,0.8286994907787916,0.07551547218946458,0.015230510361553989,0.6420276666684122,0.9187791409584206,0.2685827414477669,0,1,[0.57905659 0.21680334 0.20414008],[0.08069254 0.29684996 0.6224575 ],[0.79298755 0.1841481  0.02286436],[0.24675339 0.47703547 0.27621113],0.4222813804848806,1,2,0
125,0.7705851375019586,0.10113795455156384,0.0217535932174719,0.6645616451650823,0.9003546779112047,0.29792375794624526,0,1,[0.56515332 0.31493791 0.11990876],[0.06219463 0.34754337 0.590262  ],[0.82847366 0.14192897 0.02959737],[0.23698657 0.44693657 0.31607686],0.39511851719380997,1,2,0
126,0.7686630039353163,0.05850811507964628,0.020035037500126685,0.6199959255439066,0.9238021673667706,0.3005497037444905,0,1,[0.58903253 0.15867932 0.25228816],[0.05468284 0.32853248 0.61678468],[0.82493214 0.14861176 0.0264561 ],[0.29156387 0.43703569 0.27140044],0.4080125686267289,1,2,0
127,0.7715309477733059,0.0784133784909507,0.04419201705345225,0.626178847972724,0.9184077435257496,0.3180811619726527,0,1,[0.55175167 0.29599049 0.15225784],[0.06566068 0.28795339 0.64638594],[0.87808948 0.08275035 0.03916017],[0.24684277 0.47854722 0.27461001],0.3888334033722971,1,2,0
128,0.8028747217440663,0.0490468723967704,0.044501642223162614,0.5635617118310899,0.8877111444036038,0.31614262521711334,0,1,[0.49466145 0.32934999 0.17598857],[0.04920366 0.390762   0.56003433],[0.72840582 0.19008971 0.08150447],[0.26300357 0.44203757 0.29495887],0.41063998532590656,1,2,0
129,0.7790820323592889,0.06287049033387024,0.04687112897465855,0.6134307177803611,0.9038325106042596,0.367223567462692,0,1,[0.54597746 0.22920932 0.22481322],[0.05502779 0.33438986 0.61058235],[0.89660006 0.0605208  0.04287914],[0.28678156 0.45578331 0.25743514],0.3904718615633053,1,2,0
130,0.7742867043033019,0.07514874656248859,0.035985740687738764,0.5621079239344452,0.9295635369975968,0.32278433396573547,0,1,[0.52115992 0.3178767  0.16096337],[0.05737391 0.25844929 0.6841768 ],[0.85245297 0.10657801 0.04096902],[0.30145486 0.42775151 0.27079363],0.36839242692574475,1,2,0
131,0.7809404603775042,0.08005602936756188,0.028190398783482094,0.5966733274140534,0.9435580314827394,0.34538718286481657,0,1,[0.47736444 0.29573489 0.22690067],[0.05593937 0.31527047 0.62879016],[0.89882609 0.07830919 0.02286472],[0.29238512 0.43658564 0.27102925],0.3996058902385531,1,2,0
132,0.8223446379512095,0.06564603362236243,0.015785897952959267,0.6259968283223877,0.8924823279470097,0.2998159298977973,0,1,[0.50558507 0.3227631  0.17165183],[0.09477183 0.2591915  0.64603667],[0.82682656 0.14688079 0.02629265],[0.28857715 0.46252748 0.24889538],0.39988036119301623,1,2,0
133,0.6994393113157108,0.06620176510786546,0.03318836258113423,0.5682267232029989,0.9359285720454993,0.33083045334045913,0,1,[0.44801328 0.36776666 0.18422007],[0.04796463 0.37054715 0.58148821],[0.90926918 0.08337466 0.00735615],[0.28554658 0.45182759 0.26262583],0.465254664543541,1,2,0
134,0.6961582185157473,0.057343587891661184,0.04573457630050035,0.6095986938750032,0.9066753867942948,0.3130601588007176,0,1,[0.54043228 0.30957765 0.14999007],[0.1655911  0.30073453 0.53367437],[0.88711361 0.09930784 0.01357856],[0.32558402 0.38614431 0.28827167],0.4201019653581721,1,2,0
135,0.7931017511576167,0.07145826451420839,0.03373442022401269,0.631280394184331,0.8846499975913904,0.304635977518253,0,1,[0.54863883 0.28152603 0.16983514],[0.06263516 0.3601513  0.57721353],[0.82164257 0.12547336 0.05288407],[0.25028129 0.47501868 0.27470003],0.3722442441154646,1,2,0
136,0.7418897702300753,0.05163287820044976,0.0327356703073428,0.5686471711926014,0.8744127333798003,0.3392483831950574,0,1,[0.57002331 0.30256265 0.12741404],[0.06408466 0.29371855 0.64219679],[0.87028594 0.10288077 0.0268333 ],[0.2285917  0.49535037 0.27605793],0.40683767834626755,1,2,0
